import numpy as np
"""
Library of editable parameters for each event type that a user may wish to assess
"""

# dimensions of data in real space
dim = 6

# ordered list of event types to consider from the various population options listed below
events = ["explosions", "collapse", "earthquakes"]

# priors for each population
#prior = {"collapse": 0.495, "explosions": 0.495, "earthquakes": 0.01}
prior = {"collapse": 1/3, "explosions": 1/3, "earthquakes": 1/3}

# gamma values from spherical location model
gamma = {
    "collapse": np.array([
        [-3.71458484e-01,  4.28503242e-01,  2.43576903e-01,  2.28230936e-01,  6.85967174e-01,  3.10537494e-01],
        [-3.99621165e-01,  5.22829625e-01,  4.09343796e-01, -1.55592508e-01, -4.47000422e-01, -4.18773636e-01],
        [-8.36485327e-01, -4.10342151e-01, -3.44395152e-01, -5.94746195e-02, -8.05063030e-02,  5.73157993e-02],
        [ 4.51444273e-02,  2.65530547e-01, -3.81205650e-01, -8.14486157e-01,  3.21308861e-01, -1.24541873e-01],
        [-2.39842785e-02, -5.40154535e-01,  6.96049688e-01, -3.91119094e-01,  2.48728484e-01, -9.12834033e-02],
        [ 7.43095420e-04, -1.11265810e-01, -1.57152831e-01,  3.22184009e-01,  3.97558992e-01, -8.37297240e-01]
        ]),
    "explosions": np.array([
        [ 0.38254893,  0.18811435,  0.23301608,  0.43386687,  0.51197493,  0.56001253],
        [ 0.41860937,  0.20946610,  0.29897266,  0.50956649, -0.52430656, -0.39616932],
        [ 0.82119302, -0.22593380, -0.20621275, -0.48089448,  0.00191240, -0.02844427],
        [-0.02261762, -0.92383009,  0.04500171,  0.37251080, -0.04326885,  0.05800655],
        [ 0.04986095,  0.12266402, -0.90049809,  0.41362911, -0.02192244, -0.00099069],
        [-0.03266289,  0.03438548, -0.02954984, -0.10482699, -0.67869571,  0.72474893]
        ]),
    "earthquakes": np.array([
        [-0.40532518,  0.12378099,  0.76458697,  0.39941600,  0.27199391,  0.0477777 ],
        [ 0.88734295,  0.22882993,  0.24992541,  0.24581327,  0.17062323, -0.09088561],
        [-0.08341009, -0.02291906, -0.50231133,  0.85355338,  0.02634708,  0.10465781],
        [ 0.10439131,  0.04445098,  0.02981028, -0.09271854,  0.01402663,  0.9886579 ],
        [-0.05568998, -0.00213395, -0.26528271, -0.18865007,  0.94373602, -0.01710626],
        [-0.16546248,  0.96426625, -0.17135874, -0.08546191, -0.07333777, -0.02769078]
        ]),
}

# optimal PDF parametes for the SvMF distribution
kappa = {"collapse": 40.42962926, "explosions": 43.68972023, "earthquakes": 2.60768899}
a = {
    "collapse":    np.array([1.70608259810204,   1.4094056310189749, 1.143125776056746,  0.7516268463982755,  0.4840248322216118]),
    "explosions":  np.array([2.1072857541100367, 1.8945810431402557, 1.2995271718101837, 0.48107599685631613, 0.40064924459870593]),
    "earthquakes": np.array([1.4878748828772, 1.078961660839461, 0.9708582750037754, 0.8091796284585936, 0.7929152987012384]),
}

# optimal PDF parametes for the vMF distribution (turn on to use a vMF instead of SvMF)
#kappa = {"collapse": 32.68404917, "explosions": 28.2311558, "earthquakes": 2.55810199}
#a = {"collapse": np.array([1, 1, 1, 1, 1]), "explosions": np.array([1, 1, 1, 1, 1]), "earthquakes": np.array([1, 1, 1, 1, 1]),}
